75336at7147	0	8	76
36621at7147	0	24	243
38001at7147	0	77	258
40653at7147	0	22	217
45052at7147	0	27	211
9673at7147	0	174	621
56902at7147	0	28	211
29994at7147	0	48	476
71142at7147	0	10	102
37432at7147	0	38	377
29006at7147	0	33	303
4408at7147	0	75	745
35419at7147	0	56	342
32752at7147	0	94	657
14136at7147	0	82	321
52547at7147	0	17	168
44239at7147	0	27	272
50872at7147	0	23	230
31785at7147	0	43	426
5132at7147	0	206	830
29906at7147	0	69	492
37248at7147	0	48	477
3562at7147	0	98	670
39439at7147	0	55	290
11078at7147	0	71	705
32079at7147	0	49	284
2437at7147	0	65	585
56893at7147	0	19	191
31289at7147	0	51	513
8929at7147	0	96	342
5281at7147	0	199	1040
70268at7147	0	17	168
45641at7147	0	23	234
68921at7147	0	19	114
37008at7147	0	51	323
78760at7147	0	7	66
37209at7147	0	35	345
40867at7147	0	48	480
2948at7147	0	101	582
63412at7147	0	27	274
71529at7147	0	12	123
19765at7147	0	87	459
49748at7147	0	21	206
65772at7147	0	14	122
66771at7147	0	33	193
30695at7147	0	25	243
33458at7147	0	28	277
50753at7147	0	31	272
44933at7147	0	28	275
2918at7147	0	119	1189
72009at7147	0	10	98
4451at7147	0	105	771
57821at7147	0	17	170
23821at7147	0	39	392
37851at7147	0	25	231
20280at7147	0	38	381
33436at7147	0	61	321
13201at7147	0	63	498
41648at7147	0	24	240
10441at7147	0	110	608
31170at7147	0	49	493
57691at7147	0	15	148
1009at7147	0	506	2419
16294at7147	0	56	563
45322at7147	0	25	251
16499at7147	0	78	377
18967at7147	0	47	429
11268at7147	0	143	477
7403at7147	0	146	1050
39239at7147	0	30	297
17462at7147	0	102	393
31285at7147	0	39	393
19959at7147	0	65	654
57729at7147	0	27	267
50222at7147	0	24	233
29582at7147	0	78	533
3700at7147	0	176	833
28148at7147	0	60	321
41851at7147	0	41	410
21290at7147	0	49	383
66532at7147	0	15	146
55175at7147	0	18	184
49558at7147	0	31	309
69434at7147	0	17	165
60106at7147	0	34	178
8968at7147	0	77	429
40537at7147	0	25	254
71691at7147	0	9	88
55709at7147	0	74	533
72116at7147	0	13	128
64515at7147	0	10	103
3585at7147	0	218	994
5446at7147	0	79	653
39907at7147	0	51	347
13896at7147	0	44	444
27246at7147	0	53	297
36702at7147	0	58	313
3707at7147	0	166	971
40701at7147	0	59	374
7616at7147	0	64	637
16925at7147	0	96	562
46798at7147	0	56	353
20895at7147	0	86	430
2274at7147	0	296	987
35253at7147	0	44	440
14783at7147	0	79	555
43841at7147	0	49	471
21851at7147	0	32	316
23455at7147	0	42	387
66553at7147	0	22	224
64239at7147	0	21	210
13844at7147	0	51	513
37021at7147	0	49	438
27761at7147	0	60	394
27281at7147	0	49	237
18561at7147	0	49	487
66305at7147	0	15	149
38879at7147	0	50	308
32632at7147	0	43	399
2780at7147	0	150	1014
30343at7147	0	46	251
38956at7147	0	46	300
30895at7147	0	62	435
69514at7147	0	22	206
59757at7147	0	11	106
2501at7147	0	159	1397
9178at7147	0	129	601
33001at7147	0	37	199
49651at7147	0	48	335
68649at7147	0	10	99
61334at7147	0	31	180
14057at7147	0	57	438
64796at7147	0	34	131
51873at7147	0	30	214
42709at7147	0	89	295
64273at7147	0	13	130
33629at7147	0	52	455
35877at7147	0	28	248
44758at7147	0	104	685
26380at7147	0	53	330
55164at7147	0	18	182
64967at7147	0	17	171
25933at7147	0	45	452
56071at7147	0	12	124
63435at7147	0	13	132
20790at7147	0	41	370
8259at7147	0	111	574
23271at7147	0	40	398
65176at7147	0	44	294
53313at7147	0	30	301
6114at7147	0	85	734
17802at7147	0	41	411
32946at7147	0	20	198
61002at7147	0	19	193
51410at7147	0	37	306
71342at7147	0	20	197
26762at7147	0	118	554
39596at7147	0	54	382
48558at7147	0	35	219
15557at7147	0	80	351
50127at7147	0	34	212
47497at7147	0	28	275
2768at7147	0	213	1254
8033at7147	0	126	611
5858at7147	0	154	959
23230at7147	0	89	405
34988at7147	0	37	373
6066at7147	0	221	768
17450at7147	0	48	483
70775at7147	0	26	126
46041at7147	0	21	209
39468at7147	0	18	180
25351at7147	0	34	339
976at7147	0	155	1548
41136at7147	0	35	345
72245at7147	0	9	92
7120at7147	0	92	916
59678at7147	0	51	338
22094at7147	0	65	435
39607at7147	0	39	282
32748at7147	0	24	243
53484at7147	0	27	267
39708at7147	0	32	312
38856at7147	0	76	426
34843at7147	0	34	238
61306at7147	0	13	107
22404at7147	0	75	617
23858at7147	0	73	499
31776at7147	0	74	389
67166at7147	0	16	158
63626at7147	0	25	195
41363at7147	0	29	249
7282at7147	0	74	701
61958at7147	0	23	227
39249at7147	0	33	330
17657at7147	0	59	435
29754at7147	0	46	302
5170at7147	0	153	997
597at7147	0	380	1698
7573at7147	0	156	621
49223at7147	0	30	299
46433at7147	0	40	254
73200at7147	0	13	133
15650at7147	0	112	700
62712at7147	0	12	117
59531at7147	0	18	176
13275at7147	0	106	493
73585at7147	0	11	101
42469at7147	0	36	357
49727at7147	0	18	183
54471at7147	0	40	284
41731at7147	0	24	239
31302at7147	0	48	310
28361at7147	0	33	327
65948at7147	0	18	178
10392at7147	0	25	248
12498at7147	0	140	653
49674at7147	0	40	189
44830at7147	0	31	308
25596at7147	0	67	255
36427at7147	0	26	182
25215at7147	0	37	367
46428at7147	0	32	324
38703at7147	0	38	299
17110at7147	0	55	545
29046at7147	0	70	468
14354at7147	0	28	282
33614at7147	0	45	415
51315at7147	0	39	236
4541at7147	0	101	865
63528at7147	0	14	140
9295at7147	0	133	639
48664at7147	0	31	310
34220at7147	0	40	398
59380at7147	0	14	139
52039at7147	0	23	170
36970at7147	0	27	267
9779at7147	0	79	605
59700at7147	0	20	143
8245at7147	0	150	781
39282at7147	0	27	267
24450at7147	0	46	462
55435at7147	0	53	299
47770at7147	0	34	249
56468at7147	0	25	250
32359at7147	0	99	541
39903at7147	0	48	397
3935at7147	0	231	769
19016at7147	0	44	435
17197at7147	0	99	471
11384at7147	0	69	426
4145at7147	0	145	846
75615at7147	0	7	65
5461at7147	0	77	773
27002at7147	0	44	440
158at7147	0	595	2729
20966at7147	0	34	281
27070at7147	0	46	464
42536at7147	0	39	384
50746at7147	0	21	214
72629at7147	0	21	148
2377at7147	0	296	1013
24459at7147	0	77	431
76177at7147	0	15	107
29714at7147	0	41	412
39529at7147	0	41	251
31940at7147	0	52	316
30720at7147	0	54	399
1524at7147	0	298	1622
8545at7147	0	109	946
64310at7147	0	19	191
20504at7147	0	60	444
60422at7147	0	18	157
34725at7147	0	38	304
71381at7147	0	10	95
37523at7147	0	31	312
12185at7147	0	95	774
61566at7147	0	20	199
4053at7147	0	153	863
51316at7147	0	25	248
50789at7147	0	22	198
4986at7147	0	147	770
28603at7147	0	46	310
39795at7147	0	62	388
72379at7147	0	12	116
70809at7147	0	8	79
40707at7147	0	34	326
208at7147	0	645	2563
12368at7147	0	50	504
1288at7147	0	397	1381
37798at7147	0	32	323
60108at7147	0	19	174
15357at7147	0	88	707
41891at7147	0	29	227
27420at7147	0	106	638
25602at7147	0	39	392
44599at7147	0	29	287
47874at7147	0	88	308
52490at7147	0	28	210
34553at7147	0	48	482
10003at7147	0	89	560
34834at7147	0	32	315
5264at7147	0	66	655
5561at7147	0	133	801
1967at7147	0	153	1273
3505at7147	0	103	1030
37754at7147	0	57	311
17064at7147	0	47	447
16392at7147	0	88	632
21142at7147	0	58	423
64047at7147	0	32	202
49323at7147	0	25	237
860at7147	0	196	885
37678at7147	0	38	300
24462at7147	0	63	474
3556at7147	0	100	831
60606at7147	0	27	172
16926at7147	0	64	637
5086at7147	0	201	727
7355at7147	0	102	825
36820at7147	0	37	366
508at7147	0	553	2374
40371at7147	0	37	238
70003at7147	0	19	193
17918at7147	0	104	571
9003at7147	0	149	562
61689at7147	0	15	145
15910at7147	0	58	575
48749at7147	0	31	236
31703at7147	0	70	461
7480at7147	0	156	882
40880at7147	0	25	249
8604at7147	0	72	723
21252at7147	0	42	424
47111at7147	0	23	228
59823at7147	0	28	281
16582at7147	0	87	485
41342at7147	0	52	249
9166at7147	0	69	649
11041at7147	0	50	498
62825at7147	0	43	398
25842at7147	0	72	366
729at7147	0	284	1832
27907at7147	0	43	427
76356at7147	0	8	82
40875at7147	0	29	287
42351at7147	0	24	238
53747at7147	0	25	203
56695at7147	0	19	168
70593at7147	0	15	84
59651at7147	0	18	135
12484at7147	0	69	458
26582at7147	0	45	281
26370at7147	0	39	385
376at7147	0	242	2232
47539at7147	0	75	374
27655at7147	0	53	391
28604at7147	0	35	352
9117at7147	0	70	696
32200at7147	0	47	355
66084at7147	0	22	221
15511at7147	0	70	502
73112at7147	0	10	97
52488at7147	0	21	181
77688at7147	0	9	76
4497at7147	0	126	583
4013at7147	0	197	836
63495at7147	0	15	126
56061at7147	0	54	386
29552at7147	0	36	302
62507at7147	0	16	155
60572at7147	0	17	169
51262at7147	0	41	408
3884at7147	0	127	956
60441at7147	0	10	94
38667at7147	0	25	252
43149at7147	0	43	316
25519at7147	0	41	412
60624at7147	0	18	183
50643at7147	0	21	206
6359at7147	0	153	671
51359at7147	0	76	435
24263at7147	0	28	260
4165at7147	0	102	922
51643at7147	0	47	247
8234at7147	0	64	643
62418at7147	0	17	151
30391at7147	0	44	244
2199at7147	0	234	1423
49637at7147	0	20	201
5553at7147	0	96	428
19060at7147	0	46	460
14334at7147	0	53	528
1636at7147	0	252	1571
11832at7147	0	62	557
42845at7147	0	33	242
49201at7147	0	36	215
54180at7147	0	21	205
58055at7147	0	22	216
12067at7147	0	35	350
23039at7147	0	45	399
20839at7147	0	81	492
7424at7147	0	95	717
71723at7147	0	16	112
67613at7147	0	16	160
509at7147	0	381	2015
40254at7147	0	38	281
52389at7147	0	16	163
25717at7147	0	47	441
7171at7147	0	73	734
33250at7147	0	31	306
24638at7147	0	38	381
15247at7147	0	205	745
32682at7147	0	51	443
17191at7147	0	81	478
56852at7147	0	37	263
42323at7147	0	28	278
4035at7147	0	48	410
71034at7147	0	9	91
78083at7147	0	7	69
30730at7147	0	72	333
45230at7147	0	24	240
73041at7147	0	10	103
5188at7147	0	47	466
34236at7147	0	53	451
16309at7147	0	77	620
72251at7147	0	11	112
46418at7147	0	28	275
34952at7147	0	60	283
61663at7147	0	22	221
61729at7147	0	19	154
48534at7147	0	92	462
19505at7147	0	78	432
20708at7147	0	42	419
29095at7147	0	37	365
54302at7147	0	20	199
898at7147	0	174	1094
30128at7147	0	56	287
24373at7147	0	65	491
31360at7147	0	32	268
49274at7147	0	25	203
51823at7147	0	22	215
43699at7147	0	32	324
19943at7147	0	33	334
63091at7147	0	20	202
11183at7147	0	66	462
62447at7147	0	19	187
20019at7147	0	67	650
969at7147	0	332	1745
31071at7147	0	45	299
72346at7147	0	14	138
13936at7147	0	70	702
3605at7147	0	140	647
10103at7147	0	120	982
21101at7147	0	94	416
8286at7147	0	226	1342
64937at7147	0	11	113
18153at7147	0	45	400
48176at7147	0	26	262
67815at7147	0	11	108
26922at7147	0	34	338
55262at7147	0	30	178
40820at7147	0	31	308
41742at7147	0	27	267
63439at7147	0	13	130
35217at7147	0	59	481
62531at7147	0	16	159
55570at7147	0	29	221
26777at7147	0	47	353
39073at7147	0	45	450
26671at7147	0	46	326
10937at7147	0	79	734
10726at7147	0	172	1176
28318at7147	0	43	368
64101at7147	0	18	112
60511at7147	0	15	151
27236at7147	0	35	349
53346at7147	0	43	333
3095at7147	0	203	1227
58503at7147	0	25	247
12959at7147	0	53	528
60953at7147	0	30	243
3786at7147	0	209	1200
55361at7147	0	33	303
31425at7147	0	43	266
32140at7147	0	36	360
16833at7147	0	48	484
40116at7147	0	55	228
268at7147	0	589	3039
31832at7147	0	59	412
39154at7147	0	90	724
1553at7147	0	231	1213
69460at7147	0	23	155
65974at7147	0	11	110
26605at7147	0	63	550
43455at7147	0	33	251
36558at7147	0	53	391
38817at7147	0	86	618
45223at7147	0	23	232
328at7147	0	959	3772
26180at7147	0	36	362
8406at7147	0	150	521
53935at7147	0	17	170
24270at7147	0	29	292
12554at7147	0	105	551
52088at7147	0	42	182
60195at7147	0	27	160
3746at7147	0	224	942
63807at7147	0	17	168
54268at7147	0	22	216
21668at7147	0	29	292
18587at7147	0	77	715
59648at7147	0	16	157
4872at7147	0	97	974
58205at7147	0	18	174
22012at7147	0	88	580
70753at7147	0	8	83
2714at7147	0	193	1058
5566at7147	0	61	538
71796at7147	0	12	119
47156at7147	0	34	342
65583at7147	0	26	227
811at7147	0	191	1911
18309at7147	0	47	474
12684at7147	0	97	797
22867at7147	0	58	456
1082at7147	0	144	1002
6029at7147	0	65	650
37963at7147	0	49	485
36129at7147	0	36	361
51332at7147	0	70	282
69279at7147	0	9	94
7208at7147	0	109	623
16700at7147	0	150	668
36814at7147	0	43	267
59352at7147	0	23	227
16573at7147	0	77	729
25085at7147	0	104	429
24204at7147	0	46	463
5354at7147	0	187	1039
46325at7147	0	39	356
72228at7147	0	99	465
16621at7147	0	65	544
7535at7147	0	163	682
23525at7147	0	35	345
10251at7147	0	163	989
25438at7147	0	37	374
26072at7147	0	49	350
2625at7147	0	214	1031
60396at7147	0	12	117
38488at7147	0	26	242
56661at7147	0	17	170
30930at7147	0	37	371
2841at7147	0	120	714
612at7147	0	299	1667
56174at7147	0	19	186
26110at7147	0	61	395
9747at7147	0	54	540
15841at7147	0	100	635
42766at7147	0	22	220
1064at7147	0	344	1147
55187at7147	0	19	193
64192at7147	0	37	254
56808at7147	0	9	88
44475at7147	0	25	248
58805at7147	0	26	178
29581at7147	0	56	457
33755at7147	0	33	334
13921at7147	0	89	633
31515at7147	0	46	350
6635at7147	0	95	951
5950at7147	0	89	889
26789at7147	0	39	393
14426at7147	0	40	401
16827at7147	0	64	639
57660at7147	0	38	294
65381at7147	0	44	147
38480at7147	0	129	855
34561at7147	0	30	303
7309at7147	0	119	1072
40121at7147	0	50	279
4262at7147	0	141	1020
47274at7147	0	25	198
65900at7147	0	68	440
24200at7147	0	112	500
8135at7147	0	166	967
24754at7147	0	139	532
69811at7147	0	14	136
41419at7147	0	29	291
66764at7147	0	13	129
34699at7147	0	43	432
2407at7147	0	166	938
15144at7147	0	111	537
55637at7147	0	17	173
25000at7147	0	53	383
32864at7147	0	83	344
9709at7147	0	222	967
24267at7147	0	39	392
56034at7147	0	24	208
9566at7147	0	212	1278
44529at7147	0	36	255
38580at7147	0	37	367
40274at7147	0	49	320
75726at7147	0	6	62
43003at7147	0	38	259
14899at7147	0	59	589
15759at7147	0	140	778
56896at7147	0	17	170
56475at7147	0	26	263
3250at7147	0	157	1101
37352at7147	0	30	304
66900at7147	0	12	118
4270at7147	0	166	839
20175at7147	0	61	608
35147at7147	0	55	510
17030at7147	0	49	388
6036at7147	0	101	1005
50591at7147	0	18	180
59303at7147	0	16	162
51776at7147	0	25	241
69282at7147	0	10	101
58911at7147	0	15	152
47396at7147	0	50	400
70365at7147	0	12	115
3841at7147	0	160	883
6332at7147	0	136	955
9777at7147	0	122	789
53492at7147	0	36	238
595at7147	0	502	1921
27220at7147	0	54	472
12961at7147	0	81	555
24608at7147	0	37	360
48887at7147	0	40	400
32656at7147	0	49	340
42154at7147	0	28	284
54648at7147	0	30	303
37114at7147	0	97	512
64928at7147	0	22	107
15295at7147	0	45	451
28015at7147	0	34	344
2104at7147	0	218	1153
20952at7147	0	55	480
30497at7147	0	120	465
32289at7147	0	45	453
14886at7147	0	126	771
22463at7147	0	68	478
61280at7147	0	22	222
37894at7147	0	18	164
52543at7147	0	34	340
15589at7147	0	53	533
36943at7147	0	43	316
32539at7147	0	35	301
45343at7147	0	39	277
63305at7147	0	47	263
13772at7147	0	150	800
48479at7147	0	33	190
3551at7147	0	109	550
5986at7147	0	82	688
16900at7147	0	45	448
54707at7147	0	25	246
13499at7147	0	70	487
4453at7147	0	116	712
1545at7147	0	279	1749
3445at7147	0	123	1229
11310at7147	0	88	739
10371at7147	0	80	606
15985at7147	0	90	593
60000at7147	0	24	242
44335at7147	0	64	499
26204at7147	0	38	361
61012at7147	0	17	166
38010at7147	0	45	272
44125at7147	0	22	221
58965at7147	0	20	199
5593at7147	0	123	621
59434at7147	0	17	173
28287at7147	0	59	334
17701at7147	0	112	563
60890at7147	0	41	153
18544at7147	0	100	477
34897at7147	0	47	237
10022at7147	0	117	684
7870at7147	0	86	863
16972at7147	0	55	549
1786at7147	0	224	1393
17781at7147	0	53	526
59733at7147	0	37	296
4924at7147	0	107	758
38191at7147	0	33	253
60957at7147	0	26	262
22307at7147	0	30	289
44043at7147	0	28	278
27427at7147	0	80	350
14688at7147	0	97	618
36502at7147	0	36	320
9084at7147	0	117	762
39543at7147	0	56	286
50666at7147	0	82	440
49109at7147	0	48	320
18262at7147	0	81	493
28571at7147	0	38	325
64402at7147	0	19	188
48501at7147	0	31	209
14626at7147	0	117	617
11487at7147	0	90	596
52349at7147	0	28	273
8543at7147	0	164	814
14196at7147	0	92	654
22422at7147	0	53	526
2233at7147	0	125	1249
4612at7147	0	123	665
15849at7147	0	54	539
70236at7147	0	14	136
23975at7147	0	56	457
59792at7147	0	23	195
4461at7147	0	97	853
48691at7147	0	21	206
60178at7147	0	49	366
36877at7147	0	38	378
45517at7147	0	30	227
38619at7147	0	24	241
29162at7147	0	46	462
58254at7147	0	12	121
10352at7147	0	108	937
2213at7147	0	255	1102
8858at7147	0	84	626
63078at7147	0	21	206
44433at7147	0	23	233
3915at7147	0	177	1252
28428at7147	0	99	549
9926at7147	0	85	745
11891at7147	0	71	528
49954at7147	0	23	216
2687at7147	0	152	1243
57117at7147	0	62	318
41380at7147	0	60	352
43315at7147	0	26	258
19745at7147	0	41	413
65211at7147	0	11	113
6508at7147	0	108	641
48208at7147	0	35	172
62268at7147	0	55	249
16209at7147	0	84	552
20808at7147	0	53	397
49275at7147	0	32	316
63194at7147	0	14	138
6894at7147	0	81	806
46752at7147	0	22	215
68160at7147	0	18	182
61331at7147	0	20	149
31625at7147	0	37	368
45320at7147	0	24	242
8776at7147	0	112	644
45268at7147	0	35	354
30269at7147	0	74	383
23144at7147	0	67	459
45354at7147	0	67	418
55409at7147	0	26	226
19240at7147	0	64	562
20077at7147	0	53	530
13511at7147	0	125	608
27244at7147	0	32	317
47853at7147	0	40	293
35523at7147	0	31	307
51608at7147	0	38	333
6537at7147	0	189	943
28368at7147	0	44	358
25199at7147	0	38	379
51383at7147	0	51	222
28459at7147	0	32	314
6417at7147	0	94	943
9853at7147	0	70	387
34808at7147	0	37	372
62670at7147	0	21	207
34658at7147	0	95	352
71857at7147	0	9	92
13926at7147	0	64	402
5223at7147	0	87	872
60099at7147	0	18	177
28835at7147	0	103	933
43690at7147	0	54	340
19350at7147	0	42	419
459at7147	0	349	1953
54524at7147	0	22	216
55362at7147	0	51	308
16602at7147	0	47	465
24499at7147	0	75	518
3264at7147	0	108	1028
13837at7147	0	181	779
10213at7147	0	55	500
17686at7147	0	96	539
59944at7147	0	17	167
70537at7147	0	13	126
32098at7147	0	29	184
22944at7147	0	42	421
68763at7147	0	10	102
65094at7147	0	8	83
41593at7147	0	62	355
71549at7147	0	11	110
10839at7147	0	125	603
36447at7147	0	25	248
63398at7147	0	18	141
23557at7147	0	40	399
54167at7147	0	55	407
59872at7147	0	15	149
9277at7147	0	79	786
64910at7147	0	14	136
22620at7147	0	42	419
10126at7147	0	36	268
2293at7147	0	135	1344
12361at7147	0	63	630
35266at7147	0	30	294
11125at7147	0	43	434
33236at7147	0	123	419
39057at7147	0	47	366
34597at7147	0	71	480
62098at7147	0	13	110
35696at7147	0	25	254
3371at7147	0	236	1496
33604at7147	0	26	262
25290at7147	0	52	524
5439at7147	0	102	930
14184at7147	0	74	641
67792at7147	0	11	107
8935at7147	0	53	530
38642at7147	0	42	308
19562at7147	0	85	449
24895at7147	0	54	535
29429at7147	0	36	363
26146at7147	0	44	343
62037at7147	0	22	219
4291at7147	0	194	779
20817at7147	0	98	451
20838at7147	0	50	504
10764at7147	0	97	971
33993at7147	0	35	353
68755at7147	0	12	121
37033at7147	0	42	310
43332at7147	0	72	440
75600at7147	0	6	58
6383at7147	0	93	932
62360at7147	0	48	480
19855at7147	0	48	479
45850at7147	0	30	271
46219at7147	0	48	258
25693at7147	0	129	532
15021at7147	0	74	493
51005at7147	0	21	208
47363at7147	0	41	293
44823at7147	0	29	287
48067at7147	0	38	327
26792at7147	0	32	323
76473at7147	0	10	78
60370at7147	0	21	206
63687at7147	0	13	125
75854at7147	0	13	86
13358at7147	0	49	405
54498at7147	0	58	442
65155at7147	0	17	168
7827at7147	0	110	810
39100at7147	0	31	305
36511at7147	0	29	288
57778at7147	0	16	138
46546at7147	0	19	190
48810at7147	0	58	343
29311at7147	0	76	421
22656at7147	0	50	495
33367at7147	0	32	317
12320at7147	0	143	678
42359at7147	0	46	304
34293at7147	0	66	361
20759at7147	0	35	345
47642at7147	0	36	236
10087at7147	0	83	580
14162at7147	0	300	1000
20119at7147	0	49	487
42387at7147	0	31	313
10234at7147	0	72	600
5481at7147	0	117	776
47979at7147	0	46	192
64344at7147	0	18	175
51281at7147	0	22	170
20540at7147	0	62	464
29186at7147	0	109	362
8698at7147	0	137	767
16820at7147	0	150	684
7747at7147	0	75	747
4283at7147	0	264	1055
29425at7147	0	44	333
1142at7147	0	243	1420
40089at7147	0	36	362
2257at7147	0	81	633
17173at7147	0	68	486
38242at7147	0	72	530
26748at7147	0	60	455
18465at7147	0	62	406
55235at7147	0	32	324
17011at7147	0	40	403
16404at7147	0	40	403
8373at7147	0	110	1104
61341at7147	0	11	112
47430at7147	0	31	305
54424at7147	0	22	216
28837at7147	0	41	301
57817at7147	0	16	156
28538at7147	0	78	357
56304at7147	0	23	229
60975at7147	0	15	151
20780at7147	0	70	412
44009at7147	0	43	257
20400at7147	0	59	338
42039at7147	0	30	295
63429at7147	0	12	121
1015at7147	0	252	1329
4401at7147	0	56	305
73478at7147	0	25	212
37128at7147	0	31	314
1858at7147	0	148	1307
28253at7147	0	32	307
7558at7147	0	74	634
54756at7147	0	18	181
22228at7147	0	80	582
70439at7147	0	13	132
59349at7147	0	28	210
3937at7147	0	180	917
14146at7147	0	45	448
76216at7147	0	64	290
8505at7147	0	84	836
610at7147	0	303	1835
69541at7147	0	10	104
73978at7147	0	9	93
11987at7147	0	172	800
16468at7147	0	194	646
31967at7147	0	34	287
17764at7147	0	113	756
58047at7147	0	23	233
22678at7147	0	46	304
48005at7147	0	39	213
24076at7147	0	37	367
61573at7147	0	19	190
4227at7147	0	139	848
21716at7147	0	53	504
18757at7147	0	54	540
30655at7147	0	100	346
43432at7147	0	19	192
29100at7147	0	58	328
61813at7147	0	21	207
49015at7147	0	23	228
46647at7147	0	42	279
44253at7147	0	31	238
46331at7147	0	32	322
10172at7147	0	206	903
61291at7147	0	25	166
28073at7147	0	39	365
24250at7147	0	33	327
18233at7147	0	54	537
12806at7147	0	50	373
57299at7147	0	23	227
65644at7147	0	8	74
29233at7147	0	62	384
27237at7147	0	38	358
17164at7147	0	70	653
396at7147	0	778	3781
15691at7147	0	57	565
40008at7147	0	159	615
35734at7147	0	67	368
42466at7147	0	49	230
68985at7147	0	26	260
13948at7147	0	104	752
58117at7147	0	20	203
16029at7147	0	202	1171
31778at7147	0	80	451
37118at7147	0	89	588
59790at7147	0	20	158
75208at7147	0	25	96
5100at7147	0	85	547
14432at7147	0	60	542
49188at7147	0	25	245
8365at7147	0	85	500
43417at7147	0	75	449
54362at7147	0	36	223
24746at7147	0	70	511
9107at7147	0	54	454
9837at7147	0	75	749
13221at7147	0	103	548
57006at7147	0	82	579
41508at7147	0	38	376
38466at7147	0	39	386
15798at7147	0	48	475
50649at7147	0	21	205
74162at7147	0	68	676
40279at7147	0	18	181
14309at7147	0	172	892
8713at7147	0	149	805
3724at7147	0	142	701
1270at7147	0	338	1127
6281at7147	0	89	889
12017at7147	0	59	593
9569at7147	0	79	668
72200at7147	0	23	227
48316at7147	0	57	330
57388at7147	0	25	186
42992at7147	0	33	257
7341at7147	0	176	884
57495at7147	0	24	244
19831at7147	0	77	591
9373at7147	0	166	804
59748at7147	0	14	143
42501at7147	0	29	286
59843at7147	0	13	131
23508at7147	0	48	478
6804at7147	0	94	643
58360at7147	0	34	178
25988at7147	0	65	537
14838at7147	0	60	455
22551at7147	0	40	401
57639at7147	0	10	104
62487at7147	0	31	222
4886at7147	0	120	808
300at7147	0	657	2520
8492at7147	0	74	736
22566at7147	0	13	129
33325at7147	0	36	360
44182at7147	0	23	232
19946at7147	0	46	463
1629at7147	0	339	1339
46531at7147	0	86	507
62959at7147	0	12	118
7032at7147	0	79	707
63928at7147	0	12	120
5504at7147	0	128	1036
41724at7147	0	43	231
6536at7147	0	240	1033
169at7147	0	516	2873
27841at7147	0	35	349
12095at7147	0	64	638
64034at7147	0	14	136
39504at7147	0	28	189
33811at7147	0	56	307
22765at7147	0	46	456
33666at7147	0	27	196
13486at7147	0	50	501
14119at7147	0	47	466
46181at7147	0	37	373
25449at7147	0	49	306
39118at7147	0	26	255
13402at7147	0	98	490
41177at7147	0	27	272
8225at7147	0	72	622
49153at7147	0	33	329
34780at7147	0	27	274
32249at7147	0	49	341
12938at7147	0	61	605
46327at7147	0	32	317
57980at7147	0	44	272
73085at7147	0	9	91
54244at7147	0	18	176
56890at7147	0	79	338
5309at7147	0	92	924
24903at7147	0	119	591
25544at7147	0	39	388
7900at7147	0	96	717
39435at7147	0	39	277
41274at7147	0	30	230
43648at7147	0	35	264
62316at7147	0	17	172
1122at7147	0	218	1191
23195at7147	0	56	385
29440at7147	0	31	305
18097at7147	0	148	857
20840at7147	0	51	513
57553at7147	0	25	168
9357at7147	0	109	858
14367at7147	0	56	556
26835at7147	0	36	358
920at7147	0	261	1672
40951at7147	0	27	210
20829at7147	0	81	489
57376at7147	0	21	209
13288at7147	0	85	478
56422at7147	0	31	199
56900at7147	0	23	225
56866at7147	0	13	134
65531at7147	0	19	191
30250at7147	0	52	365
61738at7147	0	14	135
53200at7147	0	19	192
56578at7147	0	77	490
24775at7147	0	44	421
28713at7147	0	49	336
35569at7147	0	70	345
55248at7147	0	37	291
31414at7147	0	39	283
45748at7147	0	41	411
28005at7147	0	54	316
49141at7147	0	65	287
46580at7147	0	28	283
41654at7147	0	25	252
60191at7147	0	11	111
49377at7147	0	35	228
54921at7147	0	18	175
14862at7147	0	90	749
28551at7147	0	37	368
43115at7147	0	42	419
30786at7147	0	45	448
59431at7147	0	20	204
63631at7147	0	12	121
26986at7147	0	42	355
9534at7147	0	107	665
10531at7147	0	127	583
24583at7147	0	39	390
65680at7147	0	17	166
41126at7147	0	30	300
35803at7147	0	37	259
17677at7147	0	75	475
42090at7147	0	30	297
14561at7147	0	59	529
56091at7147	0	16	155
44372at7147	0	67	300
13769at7147	0	184	660
22994at7147	0	28	277
13415at7147	0	93	456
5868at7147	0	92	782
10536at7147	0	121	590
5799at7147	0	121	666
14378at7147	0	99	685
46457at7147	0	71	323
7887at7147	0	57	329
66486at7147	0	10	101
65304at7147	0	19	140
981at7147	0	275	1223
66947at7147	0	27	266
33983at7147	0	37	372
10797at7147	0	61	607
60714at7147	0	24	243
33223at7147	0	56	555
30165at7147	0	127	600
1789at7147	0	73	429
4208at7147	0	95	952
9872at7147	0	77	444
3842at7147	0	206	936
53947at7147	0	27	206
67439at7147	0	13	131
8830at7147	0	67	314
1152at7147	0	150	847
38982at7147	0	64	322
26799at7147	0	90	494
23164at7147	0	44	436
70491at7147	0	31	275
43857at7147	0	24	243
23983at7147	0	92	524
23614at7147	0	60	401
49573at7147	0	50	408
35099at7147	0	48	277
31424at7147	0	32	323
25061at7147	0	88	451
58370at7147	0	28	281
21017at7147	0	54	540
24137at7147	0	63	394
33638at7147	0	62	268
71155at7147	0	12	115
68516at7147	0	31	198
11870at7147	0	65	628
69797at7147	0	24	99
36767at7147	0	51	437
77127at7147	0	5	45
5853at7147	0	145	788
35872at7147	0	79	449
11083at7147	0	78	705
59417at7147	0	19	187
29931at7147	0	24	210
38298at7147	0	96	427
18892at7147	0	151	655
40401at7147	0	69	413
28549at7147	0	54	432
23970at7147	0	45	386
30134at7147	0	55	412
51312at7147	0	28	237
25505at7147	0	41	408
55858at7147	0	16	163
56727at7147	0	26	263
26214at7147	0	43	429
1424at7147	0	321	1229
6869at7147	0	118	712
3868at7147	0	45	372
53915at7147	0	22	201
19899at7147	0	49	485
32844at7147	0	46	464
22804at7147	0	40	399
32907at7147	0	51	506
57922at7147	0	27	184
50327at7147	0	29	287
16477at7147	0	88	462
37078at7147	0	37	368
65376at7147	0	16	156
27575at7147	0	53	527
52431at7147	0	27	271
41837at7147	0	20	200
32037at7147	0	31	308
21738at7147	0	40	402
21751at7147	0	86	864
73420at7147	0	41	254
64681at7147	0	16	163
18797at7147	0	54	288
49968at7147	0	25	229
24875at7147	0	36	361
21008at7147	0	63	376
47202at7147	0	23	230
15046at7147	0	75	413
17531at7147	0	76	457
63584at7147	0	12	119
43998at7147	0	38	288
33362at7147	0	30	295
67729at7147	0	12	116
66344at7147	0	22	223
11757at7147	0	79	449
17176at7147	0	64	642
75869at7147	0	11	109
54914at7147	0	16	160
20351at7147	0	46	364
9963at7147	0	86	672
40052at7147	0	39	281
55297at7147	0	17	165
51851at7147	0	51	302
25549at7147	0	37	368
36428at7147	0	92	307
36810at7147	0	37	368
9148at7147	0	84	842
12843at7147	0	111	440
22017at7147	0	46	416
24329at7147	0	34	335
16793at7147	0	102	518
35836at7147	0	37	365
6077at7147	0	66	581
55254at7147	0	14	141
19314at7147	0	83	469
44284at7147	0	24	235
15942at7147	0	60	599
41010at7147	0	61	467
32239at7147	0	38	379
28906at7147	0	39	392
64773at7147	0	21	129
3560at7147	0	70	597
66155at7147	0	15	152
3869at7147	0	165	724
60981at7147	0	15	150
58551at7147	0	15	153
70512at7147	0	43	144
31731at7147	0	73	305
32701at7147	0	32	318
34492at7147	0	46	464
46495at7147	0	26	258
15319at7147	0	57	568
32494at7147	0	33	325
18514at7147	0	19	191
5771at7147	0	141	929
29507at7147	0	50	496
23062at7147	0	93	482
55893at7147	0	18	181
10192at7147	0	37	269
58228at7147	0	17	173
56571at7147	0	40	401
41304at7147	0	26	261
43784at7147	0	35	279
4796at7147	0	120	1198
10687at7147	0	61	608
11476at7147	0	68	675
37504at7147	0	33	327
23502at7147	0	46	328
39577at7147	0	21	174
59033at7147	0	14	117
10241at7147	0	106	490
21382at7147	0	37	366
59822at7147	0	23	234
22318at7147	0	47	470
22067at7147	0	37	371
71518at7147	0	14	136
11923at7147	0	173	704
34997at7147	0	86	427
5630at7147	0	69	403
26367at7147	0	30	295
2789at7147	0	145	955
62664at7147	0	20	204
20706at7147	0	44	439
62219at7147	0	49	281
28861at7147	0	39	350
62544at7147	0	21	207
16069at7147	0	60	597
38782at7147	0	36	310
58470at7147	0	16	160
50898at7147	0	21	205
18167at7147	0	62	617
3078at7147	0	150	1242
14933at7147	0	58	390
25649at7147	0	36	359
21695at7147	0	42	424
53716at7147	0	18	184
16871at7147	0	85	540
45459at7147	0	32	257
1975at7147	0	251	1383
38158at7147	0	64	318
74827at7147	0	8	83
22659at7147	0	40	397
8729at7147	0	74	739
24614at7147	0	67	384
51512at7147	0	23	234
8675at7147	0	222	897
35694at7147	0	56	317
41101at7147	0	24	239
56659at7147	0	14	142
11165at7147	0	68	451
11794at7147	0	70	700
10021at7147	0	116	647
11809at7147	0	53	534
26228at7147	0	55	545
31043at7147	0	72	370
3420at7147	0	134	1340
8902at7147	0	100	1003
38004at7147	0	42	298
1204at7147	0	237	1441
13072at7147	0	140	591
18521at7147	0	83	469
61812at7147	0	51	303
56762at7147	0	18	179
27936at7147	0	49	254
36257at7147	0	35	349
13888at7147	0	106	724
13745at7147	0	77	601
7438at7147	0	125	731
4190at7147	0	171	893
43141at7147	0	25	246
14969at7147	0	48	478
15788at7147	0	53	406
25016at7147	0	51	513
14844at7147	0	70	502
9717at7147	0	54	409
42599at7147	0	30	299
43549at7147	0	47	373
57770at7147	0	17	159
21256at7147	0	41	412
6539at7147	0	95	755
23222at7147	0	34	338
10855at7147	0	48	477
66984at7147	0	12	123
287at7147	0	504	2384
49075at7147	0	33	333
62155at7147	0	14	138
13645at7147	0	62	619
54527at7147	0	20	202
8350at7147	0	130	934
63868at7147	0	16	119
2004at7147	0	25	247
40525at7147	0	53	263
33935at7147	0	45	339
18862at7147	0	73	431
29288at7147	0	46	392
29268at7147	0	45	355
25168at7147	0	60	440
24586at7147	0	46	458
65841at7147	0	18	180
58250at7147	0	40	203
16001at7147	0	47	466
10420at7147	0	55	552
3861at7147	0	97	889
17130at7147	0	44	438
12852at7147	0	108	670
50720at7147	0	20	202
39601at7147	0	23	229
7526at7147	0	149	669
36896at7147	0	27	268
37548at7147	0	46	351
56981at7147	0	31	192
9017at7147	0	93	933
42354at7147	0	72	502
19475at7147	0	75	397
11495at7147	0	60	604
6852at7147	0	131	723
23564at7147	0	78	419
19243at7147	0	66	660
15697at7147	0	30	255
6524at7147	0	45	263
66109at7147	0	10	100
65272at7147	0	8	81
28402at7147	0	60	381
17605at7147	0	80	554
52357at7147	0	29	197
30809at7147	0	55	338
6900at7147	0	154	831
50309at7147	0	28	202
10927at7147	0	54	368
54851at7147	0	32	204
7736at7147	0	96	544
47822at7147	0	25	184
62475at7147	0	85	392
26274at7147	0	38	377
10378at7147	0	149	560
7024at7147	0	104	995
53475at7147	0	30	254
57746at7147	0	20	203
29744at7147	0	79	337
11105at7147	0	52	514
68444at7147	0	18	133
16156at7147	0	106	631
47297at7147	0	43	283
31241at7147	0	42	276
54134at7147	0	27	271
22903at7147	0	43	433
21803at7147	0	38	383
12548at7147	0	158	904
38196at7147	0	27	270
566at7147	0	429	1785
74922at7147	0	22	108
1957at7147	0	232	1131
69847at7147	0	23	97
25366at7147	0	38	285
47953at7147	0	39	390
60518at7147	0	19	191
3107at7147	0	201	1054
8084at7147	0	115	717
56014at7147	0	13	130
34667at7147	0	62	263
8454at7147	0	128	539
55811at7147	0	21	205
23803at7147	0	36	362
39790at7147	0	52	301
27504at7147	0	97	323
63494at7147	0	17	171
5041at7147	0	145	692
42944at7147	0	62	297
3183at7147	0	106	889
70904at7147	0	11	112
46778at7147	0	84	279
11388at7147	0	108	712
76154at7147	0	23	134
8407at7147	0	78	778
21727at7147	0	41	405
36647at7147	0	35	272
33382at7147	0	43	321
65219at7147	0	11	114
72056at7147	0	21	140
37197at7147	0	31	306
58749at7147	0	27	266
54719at7147	0	29	286
23326at7147	0	68	401
22365at7147	0	40	403
28056at7147	0	42	421
8399at7147	0	86	855
49040at7147	0	33	239
12835at7147	0	37	360
56151at7147	0	19	189
10812at7147	0	59	590
52508at7147	0	20	195
47597at7147	0	62	221
63025at7147	0	12	119
39801at7147	0	36	361
14625at7147	0	116	630
38896at7147	0	40	340
10036at7147	0	45	454
56714at7147	0	25	245
56228at7147	0	26	262
20777at7147	0	42	411
32912at7147	0	50	499
48748at7147	0	23	233
22609at7147	0	55	385
38855at7147	0	39	392
7394at7147	0	91	785
10970at7147	0	88	574
39659at7147	0	25	251
56466at7147	0	23	226
10900at7147	0	108	505
48745at7147	0	25	188
57063at7147	0	21	212
13548at7147	0	101	526
8777at7147	0	67	666
68467at7147	0	15	123
50361at7147	0	37	215
9064at7147	0	63	632
57860at7147	0	22	218
15355at7147	0	51	505
65802at7147	0	16	144
47126at7147	0	43	232
4538at7147	0	170	1104
36434at7147	0	35	347
27701at7147	0	61	355
46949at7147	0	30	300
52940at7147	0	23	226
43898at7147	0	26	235
55389at7147	0	27	205
16706at7147	0	117	722
11193at7147	0	117	601
18551at7147	0	54	461
12403at7147	0	128	457
18642at7147	0	53	490
30447at7147	0	34	280
2987at7147	0	194	1225
48840at7147	0	27	252
57380at7147	0	20	204
33430at7147	0	39	230
57159at7147	0	25	251
41248at7147	0	25	249
64824at7147	0	43	195
8997at7147	0	104	1042
33288at7147	0	56	368
28676at7147	0	44	439
44342at7147	0	37	201
15479at7147	0	79	695
24934at7147	0	122	588
11012at7147	0	90	848
7661at7147	0	122	694
72609at7147	0	10	104
8176at7147	0	103	1030
24524at7147	0	35	349
45349at7147	0	27	208
51667at7147	0	23	190
68993at7147	0	10	98
24937at7147	0	70	378
17523at7147	0	122	647
16426at7147	0	70	416
51433at7147	0	18	182
43663at7147	0	55	318
9848at7147	0	98	617
69478at7147	0	17	136
25939at7147	0	33	333
27055at7147	0	64	351
26132at7147	0	82	528
33776at7147	0	39	358
37112at7147	0	35	252
36989at7147	0	28	282
8101at7147	0	118	570
839at7147	0	255	1340
15824at7147	0	66	449
698at7147	0	432	2116
41382at7147	0	64	324
45916at7147	0	34	282
32719at7147	0	35	347
21063at7147	0	52	519
10162at7147	0	39	386
9608at7147	0	72	722
36356at7147	0	47	324
2831at7147	0	363	1946
9705at7147	0	75	683
29281at7147	0	41	323
35474at7147	0	28	279
22280at7147	0	99	421
63174at7147	0	13	111
60267at7147	0	18	181
34129at7147	0	50	504
35757at7147	0	41	334
27975at7147	0	55	552
34460at7147	0	28	283
29417at7147	0	54	271
71204at7147	0	17	138
7966at7147	0	75	628
44328at7147	0	27	269
19518at7147	0	31	312
72174at7147	0	10	104
6739at7147	0	60	588
42486at7147	0	12	123
42799at7147	0	49	332
55696at7147	0	66	344
59338at7147	0	18	175
64113at7147	0	13	126
4396at7147	0	54	542
8414at7147	0	60	600
57194at7147	0	23	176
4076at7147	0	125	770
26504at7147	0	39	249
33597at7147	0	31	306
29644at7147	0	53	321
516at7147	0	457	2245
15947at7147	0	53	529
4661at7147	0	104	594
56168at7147	0	20	200
58072at7147	0	34	146
41927at7147	0	23	227
29795at7147	0	35	348
57938at7147	0	22	136
19401at7147	0	43	430
27548at7147	0	42	424
74811at7147	0	14	138
16207at7147	0	47	470
60059at7147	0	22	224
39090at7147	0	27	265
44288at7147	0	26	238
48966at7147	0	21	210
3442at7147	0	130	951
23343at7147	0	36	359
6178at7147	0	204	828
56931at7147	0	46	244
66133at7147	0	14	143
41591at7147	0	36	290
45612at7147	0	70	321
62833at7147	0	27	222
45179at7147	0	54	293
32573at7147	0	47	469
44097at7147	0	34	338
42524at7147	0	30	299
47762at7147	0	27	271
53356at7147	0	18	182
29352at7147	0	49	303
4233at7147	0	105	1047
18000at7147	0	51	508
74524at7147	0	17	174
30068at7147	0	50	337
762at7147	0	226	1957
22386at7147	0	36	230
64495at7147	0	27	266
17576at7147	0	60	439
29239at7147	0	59	438
66091at7147	0	100	451
44177at7147	0	26	209
61379at7147	0	24	239
25282at7147	0	39	280
38000at7147	0	34	256
1519at7147	0	172	1348
27263at7147	0	70	406
17231at7147	0	48	476
2164at7147	0	87	789
39384at7147	0	18	164
42337at7147	0	51	292
24824at7147	0	120	422
25963at7147	0	68	399
8037at7147	0	174	810
18017at7147	0	83	678
1898at7147	0	204	1224
41330at7147	0	39	362
1539at7147	0	208	1189
16806at7147	0	136	769
72383at7147	0	11	114
55717at7147	0	26	260
49833at7147	0	23	230
10350at7147	0	172	657
60700at7147	0	21	213
38799at7147	0	28	282
29860at7147	0	34	343
67217at7147	0	14	137
22326at7147	0	90	460
46700at7147	0	26	258
62527at7147	0	16	164
31118at7147	0	39	260
20155at7147	0	42	277
45811at7147	0	35	215
24325at7147	0	58	407
12214at7147	0	25	253
967at7147	0	233	1712
7426at7147	0	82	804
29366at7147	0	82	473
52235at7147	0	19	190
28130at7147	0	51	418
3067at7147	0	160	871
56472at7147	0	26	262
33162at7147	0	51	314
46985at7147	0	34	216
36721at7147	0	50	305
75294at7147	0	10	95
44741at7147	0	38	184
29083at7147	0	55	361
59777at7147	0	20	195
37414at7147	0	28	280
16368at7147	0	45	450
28348at7147	0	35	329
74859at7147	0	9	91
59085at7147	0	15	153
34096at7147	0	35	353
48155at7147	0	28	213
36084at7147	0	42	421
58016at7147	0	19	189
22343at7147	0	199	1010
39318at7147	0	38	298
13150at7147	0	51	417
12102at7147	0	81	648
4133at7147	0	191	1212
31907at7147	0	133	805
20167at7147	0	35	256
3096at7147	0	166	1502
8630at7147	0	103	651
37841at7147	0	27	269
591at7147	0	319	1355
48299at7147	0	36	226
70683at7147	0	9	93
31537at7147	0	37	328
19591at7147	0	46	461
27631at7147	0	44	438
42415at7147	0	36	363
58358at7147	0	21	212
50723at7147	0	30	183
4922at7147	0	103	707
17067at7147	0	49	493
15331at7147	0	45	445
36818at7147	0	57	191
55048at7147	0	26	259
23133at7147	0	78	466
46254at7147	0	50	355
23871at7147	0	47	373
19666at7147	0	77	432
2092at7147	0	157	1077
20252at7147	0	57	506
50614at7147	0	30	298
69738at7147	0	14	143
17957at7147	0	65	457
19956at7147	0	74	391
16541at7147	0	74	616
1017at7147	0	530	1945
13969at7147	0	48	475
74801at7147	0	11	110
35225at7147	0	30	302
61733at7147	0	13	125
31739at7147	0	33	333
66841at7147	0	23	127
21186at7147	0	144	647
17392at7147	0	30	300
3831at7147	0	84	790
6011at7147	0	129	778
32082at7147	0	32	320
38430at7147	0	29	294
64694at7147	0	18	181
25671at7147	0	49	472
61651at7147	0	19	189
62714at7147	0	14	143
42517at7147	0	38	379
15427at7147	0	104	531
74414at7147	0	22	202
6155at7147	0	85	849
36707at7147	0	54	298
58555at7147	0	17	166
58630at7147	0	9	90
69175at7147	0	10	104
62374at7147	0	22	120
57630at7147	0	60	200
64099at7147	0	13	134
52479at7147	0	37	178
27431at7147	0	49	435
52551at7147	0	27	175
60232at7147	0	15	146
13606at7147	0	63	632
54335at7147	0	18	183
9762at7147	0	178	948
56194at7147	0	29	212
65313at7147	0	14	142
23902at7147	0	38	349
31237at7147	0	41	324
14508at7147	0	65	646
53499at7147	0	16	161
39687at7147	0	27	267
6861at7147	0	86	773
63685at7147	0	13	131
26948at7147	0	50	225
59482at7147	0	14	143
30000at7147	0	47	203
30773at7147	0	32	318
39086at7147	0	48	256
2232at7147	0	223	1027
50918at7147	0	28	282
4853at7147	0	89	893
65579at7147	0	13	132
14801at7147	0	108	579
2200at7147	0	226	1091
41978at7147	0	45	353
10627at7147	0	60	601
59419at7147	0	26	172
29at7147	0	1071	3858
21242at7147	0	44	439
14774at7147	0	55	531
22554at7147	0	27	274
28226at7147	0	82	371
45669at7147	0	53	319
28979at7147	0	48	481
30097at7147	0	75	325
40749at7147	0	34	273
556at7147	0	323	1924
32465at7147	0	43	313
31466at7147	0	39	394
16912at7147	0	125	416
51018at7147	0	18	178
7340at7147	0	88	882
42406at7147	0	40	404
39313at7147	0	31	314
32636at7147	0	70	512
55331at7147	0	62	264
33183at7147	0	37	365
15535at7147	0	70	651
4298at7147	0	131	845
45851at7147	0	67	249
25975at7147	0	33	332
65010at7147	0	21	210
55154at7147	0	74	352
12063at7147	0	105	632
52036at7147	0	22	206
30962at7147	0	53	527
61047at7147	0	15	152
11713at7147	0	69	569
22971at7147	0	150	687
29766at7147	0	51	402
17835at7147	0	87	656
64595at7147	0	12	115
9326at7147	0	159	837
42227at7147	0	99	514
55487at7147	0	21	207
22577at7147	0	94	548
16484at7147	0	68	478
34551at7147	0	45	454
62494at7147	0	30	246
57771at7147	0	18	182
8070at7147	0	319	1483
65846at7147	0	19	185
27672at7147	0	61	454
69243at7147	0	14	144
36951at7147	0	41	409
67223at7147	0	11	106
74791at7147	0	8	78
23416at7147	0	36	341
53582at7147	0	32	237
24743at7147	0	44	443
20943at7147	0	80	383
12665at7147	0	97	543
41481at7147	0	26	264
13877at7147	0	63	627
4496at7147	0	199	872
17819at7147	0	51	512
40947at7147	0	32	271
24943at7147	0	62	300
35051at7147	0	37	374
65163at7147	0	34	164
52836at7147	0	22	222
23165at7147	0	62	414
55610at7147	0	20	172
58312at7147	0	47	156
35629at7147	0	52	375
53211at7147	0	13	133
23744at7147	0	37	373
7429at7147	0	97	754
8652at7147	0	101	640
47948at7147	0	31	314
21846at7147	0	81	426
45773at7147	0	23	229
54063at7147	0	24	240
47683at7147	0	23	230
30913at7147	0	142	1047
24060at7147	0	63	626
32741at7147	0	39	394
46967at7147	0	20	197
12831at7147	0	62	616
59243at7147	0	13	131
27849at7147	0	41	403
19641at7147	0	42	416
26149at7147	0	40	402
1616at7147	0	211	1741
45582at7147	0	52	363
22997at7147	0	45	450
73065at7147	0	13	119
67985at7147	0	15	150
51469at7147	0	58	192
61562at7147	0	21	205
13368at7147	0	45	453
15415at7147	0	81	557
14756at7147	0	70	699
38040at7147	0	38	284
16851at7147	0	76	541
45036at7147	0	21	212
61627at7147	0	16	157
20465at7147	0	104	397
12809at7147	0	104	761
2334at7147	0	196	1091
7034at7147	0	119	725
69382at7147	0	10	97
37488at7147	0	43	432
60136at7147	0	68	225
19571at7147	0	37	368
38865at7147	0	33	328
66038at7147	0	13	132
37759at7147	0	36	356
46814at7147	0	26	264
48878at7147	0	22	139
64137at7147	0	13	127
40100at7147	0	50	350
5382at7147	0	163	928
15594at7147	0	37	373
71201at7147	0	13	127
66428at7147	0	12	122
32478at7147	0	35	353
11951at7147	0	62	621
68787at7147	0	42	330
17902at7147	0	40	294
7416at7147	0	107	618
10872at7147	0	56	562
67894at7147	0	30	205
30313at7147	0	65	416
23956at7147	0	39	391
69966at7147	0	12	121
26387at7147	0	44	436
65284at7147	0	13	130
19567at7147	0	59	408
56387at7147	0	31	264
60064at7147	0	27	246
72619at7147	0	22	134
34516at7147	0	27	268
10174at7147	0	204	1028
50307at7147	0	36	219
15349at7147	0	65	405
65949at7147	0	19	193
15458at7147	0	143	766
70164at7147	0	15	145
2361at7147	0	172	1085
10879at7147	0	64	435
6780at7147	0	149	724
32314at7147	0	58	350
73932at7147	0	13	134
63760at7147	0	16	122
65776at7147	0	18	177
28791at7147	0	103	467
32485at7147	0	81	498
27014at7147	0	60	424
70408at7147	0	27	176
23580at7147	0	52	465
37557at7147	0	63	400
1388at7147	0	334	1112
72890at7147	0	12	116
51237at7147	0	17	173
50978at7147	0	44	437
23111at7147	0	62	593
63380at7147	0	25	124
52298at7147	0	29	293
49401at7147	0	22	201
47977at7147	0	34	240
71161at7147	0	12	123
39959at7147	0	46	260
58926at7147	0	16	145
51335at7147	0	29	287
53583at7147	0	21	206
27930at7147	0	57	519
13442at7147	0	98	517
54158at7147	0	58	375
37090at7147	0	42	320
50147at7147	0	26	177
36741at7147	0	28	279
1448at7147	0	167	885
67095at7147	0	38	146
30365at7147	0	47	467
22088at7147	0	43	432
60761at7147	0	15	152
17796at7147	0	43	428
9987at7147	0	91	733
7011at7147	0	233	1057
27931at7147	0	52	406
48743at7147	0	28	281
27160at7147	0	55	308
48178at7147	0	26	262
24552at7147	0	72	496
49777at7147	0	24	237
1378at7147	0	182	1368
61425at7147	0	21	211
67323at7147	0	14	138
9594at7147	0	67	651
61185at7147	0	17	173
15060at7147	0	58	574
31484at7147	0	57	293
55057at7147	0	28	275
48521at7147	0	63	389
16654at7147	0	49	492
42223at7147	0	41	409
7673at7147	0	75	751
49327at7147	0	25	254
30551at7147	0	94	628
19298at7147	0	53	530
39155at7147	0	66	258
31817at7147	0	40	259
6817at7147	0	129	1286
2750at7147	0	142	1041
37837at7147	0	34	262
54625at7147	0	31	202
42417at7147	0	52	305
2459at7147	0	254	1042
75710at7147	0	9	92
24849at7147	0	36	357
15072at7147	0	67	673
60161at7147	0	16	155
65409at7147	0	53	273
18331at7147	0	61	611
13871at7147	0	86	671
11179at7147	0	94	701
52861at7147	0	21	168
36745at7147	0	42	323
52442at7147	0	37	273
25194at7147	0	51	464
26337at7147	0	70	300
26963at7147	0	27	274
45416at7147	0	35	346
6450at7147	0	88	697
26753at7147	0	59	455
49563at7147	0	27	232
1246at7147	0	156	1411
63993at7147	0	19	190
22137at7147	0	87	588
20982at7147	0	44	437
71287at7147	0	15	111
55500at7147	0	19	185
1759at7147	0	282	952
29908at7147	0	93	681
13206at7147	0	90	548
77016at7147	0	6	58
49176at7147	0	27	194
58544at7147	0	16	160
61516at7147	0	14	138
71677at7147	0	26	142
53166at7147	0	31	246
35471at7147	0	36	357
3208at7147	0	126	861
66766at7147	0	22	148
28208at7147	0	32	323
49208at7147	0	41	246
36171at7147	0	31	310
19517at7147	0	39	388
43325at7147	0	33	333
60061at7147	0	26	257
27633at7147	0	57	463
59859at7147	0	22	163
377at7147	0	403	2031
65971at7147	0	12	124
60173at7147	0	16	157
17682at7147	0	40	400
35908at7147	0	41	374
35260at7147	0	86	420
67371at7147	0	11	111
6503at7147	0	50	435
61145at7147	0	16	156
21168at7147	0	41	412
39646at7147	0	29	289
17989at7147	0	53	529
24567at7147	0	142	719
43962at7147	0	37	269
17467at7147	0	125	700
5394at7147	0	147	914
67772at7147	0	19	185
55278at7147	0	25	252
31061at7147	0	29	291
36681at7147	0	35	244
7035at7147	0	81	715
50923at7147	0	32	320
31375at7147	0	36	355
45984at7147	0	25	247
16704at7147	0	187	1019
17155at7147	0	24	114
42257at7147	0	27	269
608at7147	0	211	2106
65072at7147	0	18	143
54155at7147	0	51	394
1314at7147	0	204	1201
38687at7147	0	27	249
61997at7147	0	12	76
7917at7147	0	336	1207
25096at7147	0	60	411
32369at7147	0	54	367
33706at7147	0	28	277
29717at7147	0	43	430
52429at7147	0	44	193
33689at7147	0	48	359
42569at7147	0	27	234
23816at7147	0	36	312
50634at7147	0	23	163
13267at7147	0	160	656
64528at7147	0	23	231
38311at7147	0	27	268
55888at7147	0	15	152
72973at7147	0	21	137
32618at7147	0	38	382
23079at7147	0	46	373
40519at7147	0	27	271
2817at7147	0	341	2139
23859at7147	0	65	497
65829at7147	0	17	162
17616at7147	0	137	739
34388at7147	0	40	294
44085at7147	0	54	289
29052at7147	0	44	335
53753at7147	0	18	163
38276at7147	0	32	323
68471at7147	0	21	111
35031at7147	0	30	296
17922at7147	0	58	583
46489at7147	0	27	259
34342at7147	0	33	325
52012at7147	0	190	900
16910at7147	0	75	507
49981at7147	0	23	233
3422at7147	0	92	921
8534at7147	0	97	776
39139at7147	0	27	269
7642at7147	0	146	614
49784at7147	0	26	258
432at7147	0	614	2479
31963at7147	0	33	278
47835at7147	0	26	261
43990at7147	0	24	241
34692at7147	0	43	425
1460at7147	0	300	1147
30248at7147	0	54	388
40428at7147	0	27	265
34919at7147	0	89	381
26125at7147	0	57	481
35043at7147	0	87	291
6917at7147	0	67	668
58705at7147	0	16	158
27815at7147	0	72	477
47801at7147	0	47	345
30184at7147	0	40	400
54848at7147	0	16	156
36142at7147	0	39	388
22680at7147	0	51	444
10963at7147	0	165	793
20684at7147	0	59	524
66432at7147	0	11	108
20145at7147	0	74	502
19449at7147	0	43	433
51879at7147	0	38	375
69968at7147	0	10	97
47106at7147	0	71	235
5585at7147	0	186	1046
71570at7147	0	13	132
38589at7147	0	55	393
23618at7147	0	58	297
42281at7147	0	38	361
3275at7147	0	242	1177
45519at7147	0	25	248
70448at7147	0	8	79
9828at7147	0	106	523
39111at7147	0	26	264
67720at7147	0	12	115
11914at7147	0	60	598
18759at7147	0	60	595
47465at7147	0	63	237
36550at7147	0	30	301
35619at7147	0	44	294
46268at7147	0	20	203
28673at7147	0	21	213
55444at7147	0	71	349
14614at7147	0	56	545
6368at7147	0	86	861
31013at7147	0	49	290
62679at7147	0	27	157
69129at7147	0	10	104
1738at7147	0	206	1107
60845at7147	0	24	208
3679at7147	0	97	971
68312at7147	0	19	189
34940at7147	0	58	577
64601at7147	0	14	139
17094at7147	0	135	614
45978at7147	0	21	189
67721at7147	0	12	115
55691at7147	0	18	181
39616at7147	0	27	268
76375at7147	0	15	97
37646at7147	0	87	538
56055at7147	0	22	220
48995at7147	0	27	270
35835at7147	0	54	467
20676at7147	0	43	434
34330at7147	0	36	283
65916at7147	0	13	133
70210at7147	0	11	105
14803at7147	0	127	720
15010at7147	0	93	647
53180at7147	0	30	301
42950at7147	0	34	336
41200at7147	0	40	255
50271at7147	0	33	329
60271at7147	0	18	180
9008at7147	0	100	609
68151at7147	0	20	204
30657at7147	0	32	324
31388at7147	0	27	267
1712at7147	0	245	1548
58775at7147	0	18	153
51190at7147	0	27	206
54512at7147	0	16	162
3236at7147	0	161	794
69152at7147	0	14	135
65216at7147	0	13	125
10672at7147	0	95	475
5385at7147	0	85	601
31423at7147	0	36	355
21866at7147	0	86	557
13976at7147	0	74	739
65355at7147	0	23	230
28210at7147	0	60	286
8971at7147	0	133	798
61154at7147	0	15	151
14255at7147	0	90	614
42925at7147	0	29	180
6006at7147	0	148	947
69589at7147	0	9	93
52727at7147	0	49	487
31948at7147	0	32	317
51812at7147	0	31	229
31470at7147	0	35	328
15533at7147	0	55	553
62774at7147	0	17	129
35581at7147	0	44	382
70504at7147	0	10	98
23771at7147	0	36	356
2590at7147	0	115	690
74939at7147	0	7	66
69019at7147	0	45	186
51420at7147	0	18	180
48274at7147	0	45	303
34356at7147	0	36	363
68960at7147	0	9	86
29529at7147	0	34	341
15693at7147	0	76	606
30510at7147	0	71	711
8001at7147	0	138	675
20993at7147	0	56	399
10891at7147	0	66	655
57448at7147	0	104	700
22578at7147	0	41	408
20612at7147	0	48	484
39754at7147	0	32	245
22440at7147	0	87	418
23840at7147	0	61	377
55972at7147	0	24	239
3644at7147	0	132	1190
11408at7147	0	129	779
53285at7147	0	21	150
65709at7147	0	15	150
10777at7147	0	155	633
27730at7147	0	137	458
46666at7147	0	21	209
4794at7147	0	143	939
24648at7147	0	52	330
47079at7147	0	31	305
3013at7147	0	45	151
46386at7147	0	28	263
10205at7147	0	220	846
20206at7147	0	70	541
61165at7147	0	24	148
14482at7147	0	75	508
68367at7147	0	14	137
33478at7147	0	46	321
9363at7147	0	80	613
31450at7147	0	113	375
62998at7147	0	22	224
60405at7147	0	21	152
13510at7147	0	50	315
36467at7147	0	54	402
46346at7147	0	79	520
42857at7147	0	59	300
23440at7147	0	57	572
26874at7147	0	35	347
25591at7147	0	54	428
2752at7147	0	119	996
72689at7147	0	11	111
12741at7147	0	133	498
32751at7147	0	50	413
43770at7147	0	25	245
11854at7147	0	58	523
39475at7147	0	42	290
9118at7147	0	79	787
71479at7147	0	9	94
44340at7147	0	21	208
75595at7147	0	32	299
57140at7147	0	22	218
24954at7147	0	40	397
5732at7147	0	82	820
9581at7147	0	129	753
17374at7147	0	96	859
19601at7147	0	55	545
22531at7147	0	34	343
15162at7147	0	57	569
18529at7147	0	45	452
17947at7147	0	63	462
40793at7147	0	26	262
41693at7147	0	29	288
15888at7147	0	61	545
13662at7147	0	36	360
74419at7147	0	11	110
51405at7147	0	25	252
28192at7147	0	34	337
10808at7147	0	136	877
37074at7147	0	27	270
38916at7147	0	44	436
51090at7147	0	45	448
14481at7147	0	417	1589
74461at7147	0	7	72
70243at7147	0	10	101
9067at7147	0	158	648
3753at7147	0	121	948
58466at7147	0	18	177
3283at7147	0	155	1302
49836at7147	0	23	175
22978at7147	0	38	379
626at7147	0	352	1571
69399at7147	0	12	121
4382at7147	0	116	849
24802at7147	0	97	590
24337at7147	0	38	380
38112at7147	0	37	368
8106at7147	0	75	593
43106at7147	0	83	572
4551at7147	0	89	520
64834at7147	0	44	145
3521at7147	0	125	1016
3429at7147	0	111	831
20521at7147	0	68	387
17458at7147	0	92	440
16385at7147	0	56	560
20724at7147	0	55	545
44989at7147	0	31	234
53617at7147	0	23	234
66392at7147	0	14	137
59649at7147	0	16	162
51566at7147	0	18	182
1190at7147	0	270	1694
4042at7147	0	180	858
25385at7147	0	49	494
4736at7147	0	103	878
15520at7147	0	56	563
35208at7147	0	109	404
68269at7147	0	11	113
22054at7147	0	87	550
23968at7147	0	44	442
178at7147	0	481	3348
40441at7147	0	28	283
56951at7147	0	17	167
49088at7147	0	29	160
39519at7147	0	43	270
69342at7147	0	15	148
11623at7147	0	82	516
14234at7147	0	46	455
2306at7147	0	105	930
62299at7147	0	15	150
6820at7147	0	98	818
18393at7147	0	56	557
40755at7147	0	47	262
72060at7147	0	15	151
14825at7147	0	86	609
21415at7147	0	58	393
73357at7147	0	7	67
8453at7147	0	78	775
38256at7147	0	48	258
26876at7147	0	35	347
8031at7147	0	60	604
55836at7147	0	50	502
23288at7147	0	81	582
33897at7147	0	29	290
12913at7147	0	118	722
35053at7147	0	50	480
32346at7147	0	42	305
7384at7147	0	109	787
41129at7147	0	28	282
14996at7147	0	70	621
2383at7147	0	165	851
34732at7147	0	34	344
8418at7147	0	101	653
39485at7147	0	139	462
48529at7147	0	29	292
63838at7147	0	50	322
66809at7147	0	16	156
51294at7147	0	20	204
49999at7147	0	26	262
40359at7147	0	38	381
25369at7147	0	48	389
47411at7147	0	23	233
6287at7147	0	113	929
59387at7147	0	26	242
45273at7147	0	34	342
50356at7147	0	16	162
8618at7147	0	87	679
30359at7147	0	39	393
9671at7147	0	71	522
14816at7147	0	96	558
17199at7147	0	74	743
39206at7147	0	56	452
58204at7147	0	22	218
62640at7147	0	34	264
18318at7147	0	89	417
18042at7147	0	85	478
53272at7147	0	18	181
51767at7147	0	25	249
28926at7147	0	43	306
17694at7147	0	62	528
26459at7147	0	45	452
9447at7147	0	92	743
58053at7147	0	29	241
55264at7147	0	21	213
51847at7147	0	50	244
61929at7147	0	16	159
58819at7147	0	72	333
56188at7147	0	54	227
10426at7147	0	80	496
12434at7147	0	121	637
7954at7147	0	169	635
20050at7147	0	53	526
77574at7147	0	10	92
6097at7147	0	72	720
7628at7147	0	81	792
26801at7147	0	31	265
43750at7147	0	34	290
72807at7147	0	8	75
32983at7147	0	56	556
23463at7147	0	50	502
7596at7147	0	125	955
45528at7147	0	28	279
48535at7147	0	36	356
13925at7147	0	133	612
7775at7147	0	87	865
21742at7147	0	94	549
63304at7147	0	16	133
14506at7147	0	66	416
23988at7147	0	66	527
61944at7147	0	17	169
30903at7147	0	51	434
51210at7147	0	16	162
59636at7147	0	16	155
41775at7147	0	71	350
51139at7147	0	27	194
57419at7147	0	25	254
11767at7147	0	72	564
1739at7147	0	176	1268
5770at7147	0	168	729
30627at7147	0	38	378
37097at7147	0	31	241
74132at7147	0	11	113
28685at7147	0	44	441
35978at7147	0	43	411
7366at7147	0	175	738
33641at7147	0	31	312
60480at7147	0	30	303
2889at7147	0	98	979
13374at7147	0	57	481
21828at7147	0	38	348
22699at7147	0	52	412
10481at7147	0	63	513
41123at7147	0	31	308
7707at7147	0	137	761
17275at7147	0	47	469
72354at7147	0	30	100
48184at7147	0	29	285
9219at7147	0	195	948
60225at7147	0	19	148
30439at7147	0	54	356
56624at7147	0	27	208
41286at7147	0	27	274
39987at7147	0	30	300
38937at7147	0	38	378
30675at7147	0	46	262
824at7147	0	236	1119
3469at7147	0	148	1013
10012at7147	0	56	411
43200at7147	0	30	267
28651at7147	0	34	340
52215at7147	0	32	316
33254at7147	0	32	321
34806at7147	0	39	386
15731at7147	0	100	479
33889at7147	0	43	295
68601at7147	0	13	134
37011at7147	0	48	380
55874at7147	0	19	189
60879at7147	0	21	205
22962at7147	0	55	547
56815at7147	0	18	181
59650at7147	0	18	126
60696at7147	0	17	161
74124at7147	0	10	104
38522at7147	0	38	377
45755at7147	0	36	359
14412at7147	0	81	555
9337at7147	0	63	631
296at7147	0	491	2310
22821at7147	0	40	400
37592at7147	0	33	260
14276at7147	0	51	512
59203at7147	0	31	195
10216at7147	0	70	702
24094at7147	0	86	388
62890at7147	0	16	161
67346at7147	0	22	154
9260at7147	0	71	709
26322at7147	0	31	310
51247at7147	0	32	273
45554at7147	0	24	240
55358at7147	0	16	155
765at7147	0	381	1831
56816at7147	0	26	177
42033at7147	0	23	234
29212at7147	0	23	199
17175at7147	0	49	308
60835at7147	0	19	128
3553at7147	0	275	1272
11593at7147	0	76	501
14340at7147	0	41	412
27288at7147	0	36	362
23349at7147	0	36	355
62207at7147	0	13	132
16269at7147	0	48	478
72254at7147	0	12	121
24544at7147	0	101	338
33443at7147	0	28	279
25266at7147	0	50	366
15236at7147	0	100	704
68750at7147	0	13	122
45724at7147	0	27	267
24103at7147	0	56	559
41106at7147	0	51	263
28798at7147	0	209	789
66070at7147	0	27	160
15484at7147	0	59	593
21179at7147	0	46	417
44103at7147	0	45	221
40948at7147	0	29	291
3077at7147	0	248	1097
34044at7147	0	32	268
47053at7147	0	85	324
77810at7147	0	12	116
2109at7147	0	235	1078
42518at7147	0	33	326
9844at7147	0	72	722
25792at7147	0	61	606
7270at7147	0	85	849
52586at7147	0	28	204
5848at7147	0	86	863
50546at7147	0	33	331
15248at7147	0	39	393
3789at7147	0	98	842
10506at7147	0	145	787
52283at7147	0	30	246
51530at7147	0	24	197
12192at7147	0	61	610
63988at7147	0	19	188
22412at7147	0	41	406
25955at7147	0	33	332
13719at7147	0	95	758
29364at7147	0	98	448
51624at7147	0	28	188
71486at7147	0	9	88
22792at7147	0	71	701
94at7147	0	477	3001
14488at7147	0	78	505
18686at7147	0	97	806
34132at7147	0	116	456
5032at7147	0	84	838
15769at7147	0	47	262
15115at7147	0	46	459
38422at7147	0	25	246
77013at7147	0	5	52
73648at7147	0	34	229
9424at7147	0	62	620
62135at7147	0	26	256
4568at7147	0	116	1104
51631at7147	0	22	164
70927at7147	0	15	148
9059at7147	0	165	960
42811at7147	0	25	254
23969at7147	0	43	433
25640at7147	0	62	321
1216at7147	0	157	1366
30931at7147	0	20	203
69947at7147	0	10	95
26791at7147	0	58	423
65379at7147	0	23	146
35326at7147	0	42	420
31137at7147	0	12	123
72435at7147	0	7	73
43757at7147	0	32	324
7181at7147	0	73	726
54050at7147	0	21	189
32292at7147	0	31	310
1846at7147	0	222	1172
14525at7147	0	61	613
36309at7147	0	25	207
53126at7147	0	31	174
22915at7147	0	51	514
49525at7147	0	30	224
71120at7147	0	28	278
38188at7147	0	25	247
48182at7147	0	27	228
18316at7147	0	56	427
57326at7147	0	30	151
43242at7147	0	34	267
47607at7147	0	23	225
70047at7147	0	9	86
57893at7147	0	21	206
16416at7147	0	116	648
33167at7147	0	36	312
43623at7147	0	26	256
59703at7147	0	24	184
13892at7147	0	55	550
39895at7147	0	26	191
51456at7147	0	19	194
63978at7147	0	18	177
47775at7147	0	26	258
11311at7147	0	133	675
51633at7147	0	25	253
6414at7147	0	111	709
2048at7147	0	221	1648
16321at7147	0	62	621
52991at7147	0	21	196
977at7147	0	183	1418
31691at7147	0	26	160
62292at7147	0	23	153
59078at7147	0	15	154
28637at7147	0	48	479
304at7147	0	719	3447
65148at7147	0	16	109
62190at7147	0	21	183
59276at7147	0	33	284
16390at7147	0	74	360
14739at7147	0	57	458
40735at7147	0	23	230
3601at7147	0	102	981
38358at7147	0	45	449
66653at7147	0	35	226
34864at7147	0	34	336
67421at7147	0	10	103
47966at7147	0	35	204
33709at7147	0	49	368
15913at7147	0	63	616
38816at7147	0	111	513
24241at7147	0	96	492
15780at7147	0	70	696
10848at7147	0	68	534
11909at7147	0	68	371
6484at7147	0	154	731
18875at7147	0	71	481
3921at7147	0	181	877
63623at7147	0	16	163
50821at7147	0	52	257
57525at7147	0	18	175
26000at7147	0	37	333
8820at7147	0	82	606
43477at7147	0	39	239
37626at7147	0	28	284
36153at7147	0	39	390
51733at7147	0	115	503
29073at7147	0	44	327
67102at7147	0	27	243
4218at7147	0	112	761
2302at7147	0	181	1151
55317at7147	0	24	174
6751at7147	0	171	973
16536at7147	0	59	296
44515at7147	0	50	282
869at7147	0	498	1807
14219at7147	0	97	465
67285at7147	0	11	114
73718at7147	0	11	108
2540at7147	0	144	565
45541at7147	0	25	247
40273at7147	0	35	349
8522at7147	0	96	627
46793at7147	0	24	242
7575at7147	0	76	703
65784at7147	0	11	107
6461at7147	0	99	677
13413at7147	0	50	295
51516at7147	0	31	161
1273at7147	0	225	1364
60733at7147	0	15	136
4163at7147	0	114	1138
25406at7147	0	40	397
59355at7147	0	23	225
20186at7147	0	60	413
48481at7147	0	17	172
21406at7147	0	41	405
42767at7147	0	26	257
7272at7147	0	188	646
8482at7147	0	131	544
40874at7147	0	26	260
8518at7147	0	123	565
46086at7147	0	62	353
29154at7147	0	37	366
33096at7147	0	43	214
64062at7147	0	21	206
24491at7147	0	30	303
70493at7147	0	10	99
28377at7147	0	53	531
62188at7147	0	32	184
42259at7147	0	41	286
65747at7147	0	23	126
67813at7147	0	11	114
10759at7147	0	70	703
42884at7147	0	64	297
8171at7147	0	68	469
2656at7147	0	129	819
61606at7147	0	24	126
28356at7147	0	35	347
11599at7147	0	121	713
43558at7147	0	46	318
71477at7147	0	9	76
67924at7147	0	20	125
15751at7147	0	53	287
9336at7147	0	124	628
32612at7147	0	34	342
59422at7147	0	46	294
5203at7147	0	80	656
3500at7147	0	247	943
71842at7147	0	9	86
38950at7147	0	51	237
73774at7147	0	16	111
52267at7147	0	18	166
784at7147	0	167	1669
13964at7147	0	46	464
19575at7147	0	129	616
5396at7147	0	304	1181
329at7147	0	529	2579
61981at7147	0	16	163
32511at7147	0	42	416
52377at7147	0	18	182
33446at7147	0	40	395
63205at7147	0	23	157
36765at7147	0	42	420
34577at7147	0	28	262
7311at7147	0	31	136
745at7147	0	284	1410
12935at7147	0	52	516
15254at7147	0	88	521
10625at7147	0	284	1106
52461at7147	0	49	461
30711at7147	0	46	292
19459at7147	0	81	456
68418at7147	0	23	133
30475at7147	0	39	394
34735at7147	0	37	310
10888at7147	0	146	770
40310at7147	0	27	273
10997at7147	0	120	595
68413at7147	0	11	111
34761at7147	0	36	361
37960at7147	0	46	335
45356at7147	0	30	297
9161at7147	0	187	867
7955at7147	0	118	653
46018at7147	0	43	286
13982at7147	0	53	528
19929at7147	0	62	360
4344at7147	0	221	736
73045at7147	0	13	132
29168at7147	0	74	533
7772at7147	0	77	525
27820at7147	0	61	358
12250at7147	0	93	642
7365at7147	0	228	984
61996at7147	0	18	179
65279at7147	0	13	113
6992at7147	0	96	813
29889at7147	0	41	413
42176at7147	0	27	265
52721at7147	0	60	361
20at7147	0	1563	6492
66044at7147	0	9	73
33513at7147	0	35	348
26398at7147	0	51	512
71453at7147	0	21	210
26468at7147	0	49	488
19377at7147	0	50	495
58639at7147	0	68	225
21880at7147	0	73	360
7158at7147	0	176	1014
9834at7147	0	118	643
7349at7147	0	90	527
36652at7147	0	37	373
65345at7147	0	13	126
73306at7147	0	9	91
62165at7147	0	11	114
38548at7147	0	32	321
44668at7147	0	27	266
48575at7147	0	26	259
24713at7147	0	39	389
36676at7147	0	29	291
40114at7147	0	32	231
5195at7147	0	231	1055
50370at7147	0	24	209
35162at7147	0	35	241
2249at7147	0	160	1425
5469at7147	0	148	1020
10826at7147	0	58	579
4293at7147	0	75	752
49375at7147	0	20	163
56287at7147	0	26	223
31417at7147	0	27	269
52768at7147	0	20	200
8417at7147	0	69	693
46758at7147	0	35	224
12524at7147	0	92	602
11681at7147	0	76	450
2027at7147	0	175	729
12426at7147	0	84	512
70842at7147	0	13	129
10272at7147	0	151	802
26909at7147	0	62	596
52705at7147	0	25	252
62437at7147	0	18	179
34800at7147	0	38	363
29198at7147	0	37	365
52902at7147	0	23	162
59918at7147	0	15	153
64145at7147	0	18	180
50131at7147	0	21	208
13930at7147	0	61	611
9792at7147	0	85	710
63901at7147	0	22	205
22337at7147	0	90	579
9303at7147	0	65	651
9655at7147	0	109	720
58314at7147	0	16	159
47228at7147	0	31	311
7732at7147	0	114	657
1492at7147	0	117	559
13664at7147	0	143	547
44737at7147	0	25	250
45012at7147	0	28	275
14254at7147	0	100	602
13754at7147	0	42	421
69742at7147	0	27	188
35903at7147	0	80	316
61970at7147	0	16	160
8719at7147	0	206	804
70465at7147	0	14	141
12257at7147	0	62	623
14098at7147	0	90	508
4355at7147	0	246	1228
2953at7147	0	228	1327
10520at7147	0	96	611
11673at7147	0	112	615
29789at7147	0	107	558
33110at7147	0	30	281
61593at7147	0	28	283
5008at7147	0	149	731
10512at7147	0	82	612
12916at7147	0	116	679
32288at7147	0	59	359
70261at7147	0	19	193
31693at7147	0	42	262
15838at7147	0	70	696
13446at7147	0	58	582
24119at7147	0	35	350
44003at7147	0	35	354
56442at7147	0	18	183
17341at7147	0	62	498
29277at7147	0	30	208
25058at7147	0	47	266
13960at7147	0	54	541
60436at7147	0	16	163
39777at7147	0	178	605
62308at7147	0	17	154
1099at7147	0	219	1447
29339at7147	0	35	346
69144at7147	0	12	117
45344at7147	0	31	314
12708at7147	0	125	604
19915at7147	0	58	578
8472at7147	0	127	868
29111at7147	0	210	849
72866at7147	0	11	114
36630at7147	0	61	214
43175at7147	0	50	443
47477at7147	0	43	286
8216at7147	0	190	820
27388at7147	0	42	359
51975at7147	0	34	250
51339at7147	0	43	303
64151at7147	0	14	142
41769at7147	0	34	243
56844at7147	0	21	209
2483at7147	0	127	997
27714at7147	0	96	465
57943at7147	0	15	154
18564at7147	0	84	524
33537at7147	0	59	303
11394at7147	0	176	666
70323at7147	0	19	123
45475at7147	0	28	270
20227at7147	0	44	408
55489at7147	0	35	200
13678at7147	0	65	456
11437at7147	0	55	396
47457at7147	0	21	206
50665at7147	0	23	230
23804at7147	0	38	381
4336at7147	0	180	883
70302at7147	0	9	87
22226at7147	0	72	607
7133at7147	0	79	536
7754at7147	0	56	563
7863at7147	0	54	543
23356at7147	0	86	457
28492at7147	0	60	602
44411at7147	0	40	286
16510at7147	0	84	387
52885at7147	0	39	390
3153at7147	0	96	961
67611at7147	0	31	255
13429at7147	0	135	547
49790at7147	0	24	226
30441at7147	0	32	318
16807at7147	0	135	818
4304at7147	0	167	929
491at7147	0	438	1714
17607at7147	0	65	514
7792at7147	0	197	658
75954at7147	0	8	76
20451at7147	0	111	558
38433at7147	0	43	322
29484at7147	0	34	340
45874at7147	0	28	282
59768at7147	0	19	189
44246at7147	0	61	268
12448at7147	0	87	410
65636at7147	0	11	105
3716at7147	0	155	1548
3394at7147	0	94	876
25949at7147	0	36	355
27370at7147	0	83	480
29328at7147	0	44	308
16005at7147	0	165	551
53397at7147	0	16	156
43847at7147	0	18	184
5172at7147	0	101	802
6238at7147	0	155	1551
59868at7147	0	18	182
13983at7147	0	79	474
69496at7147	0	17	170
24253at7147	0	37	370
3647at7147	0	140	922
57319at7147	0	26	262
27134at7147	0	34	344
1727at7147	0	250	1359
10316at7147	0	76	705
12697at7147	0	148	504
30988at7147	0	45	312
13885at7147	0	75	754
58160at7147	0	16	163
14270at7147	0	48	481
59619at7147	0	13	132
20349at7147	0	27	235
12808at7147	0	49	489
466at7147	0	204	2036
20030at7147	0	45	446
64660at7147	0	15	150
8060at7147	0	96	545
42702at7147	0	24	240
64960at7147	0	23	122
9929at7147	0	72	563
24955at7147	0	41	411
49220at7147	0	27	269
70373at7147	0	12	122
13828at7147	0	48	308
26600at7147	0	40	401
4953at7147	0	162	784
75882at7147	0	6	64
64439at7147	0	3	31
4860at7147	0	68	420
19617at7147	0	47	470
10893at7147	0	95	562
18389at7147	0	72	582
40629at7147	0	33	273
19859at7147	0	43	431
64516at7147	0	14	138
48490at7147	0	42	229
51at7147	0	740	3662
57915at7147	0	43	300
67511at7147	0	11	106
2315at7147	0	71	684
37092at7147	0	41	305
10433at7147	0	178	733
68918at7147	0	12	118
41192at7147	0	34	339
54811at7147	0	30	304
32865at7147	0	40	310
55382at7147	0	16	162
17711at7147	0	43	433
29141at7147	0	31	312
14495at7147	0	57	453
889at7147	0	166	1601
50189at7147	0	24	240
65562at7147	0	24	130
7061at7147	0	181	673
35580at7147	0	46	462
35807at7147	0	26	256
20721at7147	0	74	446
27639at7147	0	190	634
40817at7147	0	30	295
19741at7147	0	85	563
26419at7147	0	28	280
30832at7147	0	41	392
18970at7147	0	56	560
30760at7147	0	35	324
6656at7147	0	151	839
56082at7147	0	77	258
56505at7147	0	14	136
30434at7147	0	31	310
46602at7147	0	12	120
61798at7147	0	38	223
66429at7147	0	10	96
46292at7147	0	109	504
2891at7147	0	145	1030
61027at7147	0	21	179
62276at7147	0	16	160
65812at7147	0	30	257
51002at7147	0	22	221
11362at7147	0	140	783
42226at7147	0	26	261
28128at7147	0	55	311
2843at7147	0	133	965
23623at7147	0	45	396
20603at7147	0	38	377
65504at7147	0	12	120
14257at7147	0	77	774
8389at7147	0	124	563
66519at7147	0	26	154
3440at7147	0	285	1559
45813at7147	0	33	330
3510at7147	0	142	802
48385at7147	0	28	278
16831at7147	0	100	522
53336at7147	0	43	292
45092at7147	0	49	358
7326at7147	0	105	841
42370at7147	0	21	214
65789at7147	0	12	118
59563at7147	0	60	461
21223at7147	0	123	932
46488at7147	0	27	220
43053at7147	0	23	232
15804at7147	0	45	452
14952at7147	0	58	374
58635at7147	0	17	171
7466at7147	0	60	596
62707at7147	0	12	123
9202at7147	0	55	554
12922at7147	0	82	569
7071at7147	0	117	998
32378at7147	0	37	365
14914at7147	0	70	588
18914at7147	0	54	388
2598at7147	0	203	823
51524at7147	0	32	315
68189at7147	0	10	102
35021at7147	0	56	556
51441at7147	0	22	221
47829at7147	0	20	204
49230at7147	0	36	119
75444at7147	0	12	116
40259at7147	0	23	227
19095at7147	0	59	481
15235at7147	0	70	674
28749at7147	0	37	370
25153at7147	0	123	625
17815at7147	0	43	331
38944at7147	0	23	230
41421at7147	0	22	217
6258at7147	0	115	893
41740at7147	0	26	258
54442at7147	0	21	212
814at7147	0	236	1318
44812at7147	0	29	286
31984at7147	0	36	360
40372at7147	0	85	483
35396at7147	0	33	276
74360at7147	0	11	105
51197at7147	0	47	241
21208at7147	0	53	385
66297at7147	0	11	107
38651at7147	0	32	320
65634at7147	0	36	249
74572at7147	0	9	81
49533at7147	0	52	252
16223at7147	0	114	752
1926at7147	0	153	1244
52725at7147	0	43	307
50276at7147	0	88	380
2661at7147	0	101	971
41062at7147	0	35	251
9679at7147	0	78	442
26389at7147	0	48	479
45771at7147	0	23	234
65247at7147	0	16	157
32700at7147	0	44	316
18773at7147	0	70	441
36112at7147	0	30	300
57168at7147	0	42	315
51594at7147	0	34	343
7592at7147	0	93	485
14333at7147	0	79	468
71852at7147	0	13	88
2118at7147	0	190	1156
3196at7147	0	132	710
44941at7147	0	27	271
28469at7147	0	45	450
22575at7147	0	45	396
1674at7147	0	489	1791
24292at7147	0	91	455
24065at7147	0	39	394
14180at7147	0	69	686
30816at7147	0	46	374
59202at7147	0	25	254
32129at7147	0	54	314
32144at7147	0	60	316
69619at7147	0	12	119
56054at7147	0	51	312
28191at7147	0	33	327
40328at7147	0	32	321
28693at7147	0	57	308
27616at7147	0	40	403
26150at7147	0	103	620
28559at7147	0	33	325
19391at7147	0	124	766
49063at7147	0	38	330
69363at7147	0	35	348
2273at7147	0	126	1097
21904at7147	0	39	386
7164at7147	0	70	698
48305at7147	0	110	485
65271at7147	0	15	127
44530at7147	0	51	306
37340at7147	0	29	290
34323at7147	0	122	545
41252at7147	0	29	288
30324at7147	0	28	282
64430at7147	0	13	130
16088at7147	0	71	711
25234at7147	0	49	490
15868at7147	0	60	596
55301at7147	0	20	180
2390at7147	0	232	1159
47927at7147	0	25	246
36194at7147	0	43	288
33530at7147	0	48	375
10146at7147	0	54	541
2421at7147	0	151	1014
29711at7147	0	56	444
42448at7147	0	23	233
40483at7147	0	89	541
8099at7147	0	155	824
53602at7147	0	35	264
1297at7147	0	279	1460
13880at7147	0	70	695
44216at7147	0	71	432
9809at7147	0	71	708
57736at7147	0	23	155
27526at7147	0	34	341
6375at7147	0	95	667
33424at7147	0	52	293
46001at7147	0	16	159
28855at7147	0	41	332
46902at7147	0	61	266
15095at7147	0	78	422
17905at7147	0	99	488
40078at7147	0	31	308
68094at7147	0	12	92
17803at7147	0	42	423
423at7147	0	577	1922
43017at7147	0	29	291
19232at7147	0	53	529
44887at7147	0	30	236
28889at7147	0	43	338
65912at7147	0	13	131
44827at7147	0	32	318
57702at7147	0	19	191
27770at7147	0	28	277
63427at7147	0	13	132
19550at7147	0	53	311
17280at7147	0	74	457
23853at7147	0	94	687
14069at7147	0	73	443
648at7147	0	256	1987
42904at7147	0	25	252
74851at7147	0	9	87
71329at7147	0	9	93
26521at7147	0	21	164
40949at7147	0	39	294
26954at7147	0	45	453
18494at7147	0	86	486
60077at7147	0	11	106
30260at7147	0	67	408
36823at7147	0	61	610
50053at7147	0	18	184
4573at7147	0	94	759
47334at7147	0	24	186
63882at7147	0	16	159
72128at7147	0	7	72
4015at7147	0	143	718
22925at7147	0	59	585
38024at7147	0	61	361
50761at7147	0	23	228
41039at7147	0	29	271
21125at7147	0	95	389
52038at7147	0	18	184
56534at7147	0	22	222
69660at7147	0	21	141
60950at7147	0	72	240
35123at7147	0	39	391
69039at7147	0	54	255
43860at7147	0	25	252
6487at7147	0	94	763
28735at7147	0	33	329
4939at7147	0	115	726
25357at7147	0	35	350
40733at7147	0	40	258
19706at7147	0	83	641
35954at7147	0	26	256
22042at7147	0	50	403
51965at7147	0	25	254
27373at7147	0	53	533
17194at7147	0	59	593
31961at7147	0	46	220
62166at7147	0	15	150
56952at7147	0	16	159
15218at7147	0	45	412
161at7147	0	673	2966
68124at7147	0	14	135
7218at7147	0	117	928
37195at7147	0	40	344
39671at7147	0	26	261
6946at7147	0	72	673
48904at7147	0	21	213
22781at7147	0	50	377
66874at7147	0	17	173
30641at7147	0	41	409
25941at7147	0	32	318
43696at7147	0	37	322
42037at7147	0	44	303
25277at7147	0	92	389
59000at7147	0	16	147
4801at7147	0	167	929
15924at7147	0	165	1014
17367at7147	0	53	529
24988at7147	0	61	520
1962at7147	0	130	1020
54673at7147	0	18	184
69614at7147	0	12	123
27952at7147	0	53	344
64568at7147	0	12	117
59883at7147	0	19	186
75990at7147	0	9	82
55464at7147	0	17	172
6572at7147	0	74	636
48609at7147	0	64	212
17712at7147	0	44	444
4416at7147	0	84	837
12291at7147	0	44	436
17535at7147	0	54	401
59386at7147	0	13	129
45870at7147	0	34	335
41233at7147	0	24	237
72149at7147	0	11	106
69488at7147	0	29	292
59846at7147	0	16	158
17669at7147	0	55	399
51259at7147	0	55	331
2497at7147	0	246	1366
47578at7147	0	30	280
47233at7147	0	45	319
39367at7147	0	44	289
52009at7147	0	24	242
48567at7147	0	17	173
37703at7147	0	85	524
25991at7147	0	80	552
70287at7147	0	22	217
36088at7147	0	62	428
17699at7147	0	60	604
4244at7147	0	93	934
43952at7147	0	32	316
80at7147	0	890	3613
43616at7147	0	48	271
8662at7147	0	80	613
39344at7147	0	28	192
26918at7147	0	147	782
13637at7147	0	68	576
48280at7147	0	27	274
53427at7147	0	22	219
78504at7147	0	9	91
47216at7147	0	20	204
32996at7147	0	40	290
62645at7147	0	38	150
47007at7147	0	39	288
58605at7147	0	32	221
39673at7147	0	23	227
14881at7147	0	64	637
51328at7147	0	39	269
31040at7147	0	60	567
62739at7147	0	17	172
49818at7147	0	23	184
65498at7147	0	10	100
1224at7147	0	273	1742
